-7.62 2.96
-7.02 3.62
-6.54 4.02
-6.02 4.2
-5.54 4.32
-5.08 4.24
-4.68 3.78
-4.34 3.36
-4 3
-3.6 2.66
-3.2 2.32
-2.8 1.84
-2.2 1.62
-1.56 1.74
-1 2
-0.52 2.38
-0.18 2.56
0.1 2.78
0.44 3.1
0.74 3.4
1.12 3.86
1.62 4.22
2.24 4.52
2.82 4.66
3.26 4.68
3.82 4.64
4.22 4.6
4.62 4.3
4.86 4
5.1 3.68
5.3 3.32
5.56 2.98
5.74 2.54
5.78 2.14
5.9 1.7
5.74 1.24
5.5 0.9
5.14 0.54
4.74 0.28
4.36 0.14
3.82 0
3.46 -0.24
3.16 -0.36
2.84 -0.52
2.54 -0.68
2.26 -0.92
2 -1
1.58 -0.88
1.26 -0.8
0.96 -0.74
0.56 -0.66
0.18 -0.58
-0.16 -0.48
-0.56 -0.4
-1.02 -0.36
-1.46 -0.44
-2.1 -0.54
-2.58 -0.58
-3.04 -0.58
-3.52 -0.48
-4.06 -0.16
-4.52 0.18
-4.98 0.5
-5.3 0.78
-5.66 1.08
-6.02 1.42
-6.3 1.74
-6.6 2.04
-7.02 2.24
-7.4 2.48